0.1 10000  
0.2 9999.15  
0.3 9998.31  
0.4 9998.34  
0.5 9999.13  
0.6 10000.3  
0.7 10001.7  
0.8 10003.2  
0.9 10004.8  
1 10006.5  
1.1 10008.3  
1.2 10010  
1.3 10011.8  
1.4 10013.6  
1.5 10015.5  
1.6 10017.3  
1.7 10019.2  
1.8 10021.1  
1.9 10022.9  
2 10024.8  
2.1 10026.7  
2.2 10028.6  
2.3 10030.5  
2.4 10032.4  
2.5 10034.4  
2.6 10036.3  
2.7 10038.2  
2.8 10040.1  
2.9 10042.1  
3 10044  
3.1 10046  
3.2 10047.9  
3.3 10049.8  
3.4 10051.8  
3.5 10053.7  
3.6 10055.6  
3.7 10057.6  
3.8 10059.5  
3.9 10061.5  
4 10063.4  
4.1 10065.4  
4.2 10067.3  
4.3 10069.2  
4.4 10071.2  
4.5 10073.1  
4.6 10075.1  
4.7 10077  
4.8 10079  
4.9 10080.9  
5 10082.9  
5.1 10084.8  
5.2 10086.7  
5.3 10088.7  
5.4 10090.6  
5.5 10092.6  
5.6 10094.5  
5.7 10096.5  
5.8 10098.4  
5.9 10100.4  
6 10102.3  
6.1 10104.3  
6.2 10106.2  
6.3 10108.2  
6.4 10110.1  
6.5 10112.1  
6.6 10114  
6.7 10116  
6.8 10117.9  
6.9 10119.9  
7 10121.8  
7.1 10123.8  
7.2 10125.7  
7.3 10127.7  
7.4 10129.6  
7.5 10131.6  
7.6 10133.5  
7.7 10135.5  
7.8 10137.4  
7.9 10139.4  
8 10141.3  
8.1 10143.3  
8.2 10145.2  
8.3 10147.2  
8.4 10149.1  
8.5 10151.1  
8.6 10153  
8.7 10155  
8.8 10156.9  
8.9 10158.9  
9 10160.8  
9.1 10162.8  
9.2 10164.7  
9.3 10166.7  
9.4 10168.6  
9.5 10170.6  
9.6 10172.5  
9.7 10174.5  
9.8 10176.5  
9.9 10178.4  
10 10180.4  
